MEMORY
  total            16.5 MB
  struct          159.2 KB
  buffer            2.4 MB
  arena            14.0 MB, used 0.2%

SIZES
  narena                14680064
  nbuffer               2495072
  nplugin               0
  maxuse_stack          7848
  maxuse_arena          29792
  maxuse_con            0
  maxuse_efc            20
  ncon                  0
  ne                    0
  nf                    20
  nl                    0
  nefc                  20
  nJ                    520
  nA                    0
  nisland               0
  nidof                 0
  threadpool            0

TIMER
    0:  duration =  0          number = 0
    1:  duration =  0.00015    number = 1
    2:  duration =  0          number = 0
    3:  duration =  0.00014    number = 1
    4:  duration =  2.9e-06    number = 1
    5:  duration =  6.6e-07    number = 1
    6:  duration =  1e-05      number = 1
    7:  duration =  0          number = 0
    8:  duration =  4.9e-06    number = 1
    9:  duration =  3.4e-06    number = 1
    10:  duration =  0.00013    number = 1
    11:  duration =  3e-06      number = 1
    12:  duration =  8e-08      number = 1
    13:  duration =  1.7e-05    number = 1
    14:  duration =  2.3e-05    number = 1

SOLVER STAT
  solver_fwdinv =   0         0       
  ISLAND 0
    solver_niter = 1
    solver_nnz = 676
      0:  improvement =  6.7e-31     gradient =  3.2e-17     lineslope =  0       
          nactive = 20   nchange = 0   neval = 2   nupdate = 0

ENERGY =   0         0       

TIME =  0       

QPOS
   0       
   0       
   0.4     
   0       
   0       
   0       
   1       
   0       
   0       
   0       
   0       
   0       
   0       
   0       
   0       
   0       
   0       
   0       
   0       
   0       
   0       
   0       
   0       
   0       
   0       
   0       
   0       

QVEL
   0       
   0       
   0       
   0       
   0       
   0       
   0       
   0       
   0       
   0       
   0       
   0       
   0       
   0       
   0       
   0       
   0       
   0       
   0       
   0       
   0       
   0       
   0       
   0       
   0       
   0       

QACC_WARMSTART
  -1.5e-16 
   8.4e-16 
  -9.8     
   8.6e-15 
   1.7e-15 
   1.8e-17 
   1.7e-17 
  -9.3e-17 
   2.2e-16 
  -2.5e-16 
   8.2e-17 
  -1e-17   
   1.3e-17 
  -1.3e-16 
  -2.6e-16 
   2.6e-16 
  -6.8e-17 
   7.9e-17 
  -3.5e-16 
   9.7e-16 
   1.4e-16 
   1.9e-16 
  -1.7e-16 
  -2.2e-16 
   1.6e-18 
   4e-17   

CTRL
   0       
   0       
   0       
   0       
   0       
   0       
   0       
   0       
   0       
   0       
   0       
   0       
   0       
   0       
   0       
   0       
   0       
   0       
   0       
   0       

QFRC_APPLIED
   0       
   0       
   0       
   0       
   0       
   0       
   0       
   0       
   0       
   0       
   0       
   0       
   0       
   0       
   0       
   0       
   0       
   0       
   0       
   0       
   0       
   0       
   0       
   0       
   0       
   0       

XFRC_APPLIED
   0         0         0         0         0         0       
   0         0         0         0         0         0       
   0         0         0         0         0         0       
   0         0         0         0         0         0       
   0         0         0         0         0         0       
   0         0         0         0         0         0       
   0         0         0         0         0         0       
   0         0         0         0         0         0       
   0         0         0         0         0         0       
   0         0         0         0         0         0       
   0         0         0         0         0         0       
   0         0         0         0         0         0       
   0         0         0         0         0         0       
   0         0         0         0         0         0       
   0         0         0         0         0         0       
   0         0         0         0         0         0       
   0         0         0         0         0         0       
   0         0         0         0         0         0       
   0         0         0         0         0         0       
   0         0         0         0         0         0       
   0         0         0         0         0         0       
   0         0         0         0         0         0       

QACC
  -1.5e-16 
   8.4e-16 
  -9.8     
   8.6e-15 
   1.7e-15 
   1.8e-17 
   1.7e-17 
  -9.3e-17 
   2.2e-16 
  -2.5e-16 
   8.2e-17 
  -1e-17   
   1.3e-17 
  -1.3e-16 
  -2.6e-16 
   2.6e-16 
  -6.8e-17 
   7.9e-17 
  -3.5e-16 
   9.7e-16 
   1.4e-16 
   1.9e-16 
  -1.7e-16 
  -2.2e-16 
   1.6e-18 
   4e-17   

XPOS
   0         0         0       
   0         0         0.4     
   0.042    -0.045     0.32    
   0.042    -0.066     0.29    
   0.061    -0.047     0.29    
   0.061    -0.047     0.19    
   0.061    -0.047     0.095   
   0.042    -0.072     0.095   
  -0.042    -0.045     0.32    
  -0.042    -0.066     0.29    
  -0.061    -0.047     0.29    
  -0.061    -0.047     0.19    
  -0.061    -0.047     0.095   
  -0.042    -0.072     0.095   
  -0.061    -0.02      0.46    
  -0.1      -0.0023    0.42    
  -0.12     -0.016     0.33    
   0.061    -0.02      0.46    
   0.1      -0.00029   0.42    
   0.12     -0.014     0.33    
   0        -0.02      0.49    
  -0.019    -0.017     0.5     

XQUAT
   1         0         0         0       
   0         0         0         1       
  -1         0         0         0       
  -2.5e-58   0        -0.71     -0.71    
   0.5       0.5      -0.5      -0.5     
   0.5       0.5      -0.5      -0.5     
  -0.5       0.5      -0.5       0.5     
   0         0        -0.71      0.71    
  -1        -1.1e-16   6.1e-17   4.7e-21 
   4.3e-17  -4.3e-17   0.71      0.71    
   0.5      -0.5       0.5      -0.5     
   0.5      -0.5       0.5      -0.5     
   0.5       0.5      -0.5      -0.5     
   0         5.6e-17   0.71     -0.71    
  -0.5       0.5      -0.5       0.5     
  -1.1e-16   1.1e-16  -0.71     -0.71    
   0.5       0.5      -0.5      -0.5     
  -0.5      -0.5       0.5       0.5     
   0.71     -0.71      1.1e-16   1.1e-16 
  -0.5      -0.5      -0.5      -0.5     
   0         0        -1         1.2e-16 
  -5.8e-16   0.71     -5.4e-16   0.71    

XMAT
   1         0         0         0         1         0         0         0         1       
  -1         0         0         0        -1         0         0         0         1       
   1         0         0         0         1         0         0         0         1       
  -1        -3.5e-58   3.5e-58   3.5e-58   0         1        -3.5e-58   1         0       
   0         0        -1        -1         0         0         0         1         0       
   0         0        -1        -1         0         0         0         1         0       
   0        -2.2e-16   1        -1         0         0         0        -1        -2.2e-16 
  -1        -0         0         0        -1.7e-16  -1         0        -1         1.7e-16 
   1         9.4e-21  -1.2e-16  -9.4e-21   1        -2.2e-16   1.2e-16   2.2e-16   1       
  -1        -1.2e-16   9.4e-21   9.4e-21  -3.3e-16   1        -1.2e-16   1         3.3e-16 
  -5.6e-17   5.6e-17   1        -1         3.9e-16  -5.6e-17  -3.9e-16  -1         5.6e-17 
  -5.6e-17   5.6e-17   1        -1         3.9e-16  -5.6e-17  -3.9e-16  -1         5.6e-17 
  -1.1e-16   2.2e-16  -1        -1        -4.4e-16   1.1e-16  -3.9e-16   1         2.2e-16 
  -1         7.9e-17  -7.9e-17   7.9e-17   4.4e-16  -1        -7.9e-17  -1        -4.4e-16 
   0         0         1        -1         0         0         0        -1         0       
  -1        -3.1e-16   2.4e-22   2.4e-22   0         1        -3.1e-16   1         0       
   1.1e-16   2.2e-16  -1        -1         1.1e-16  -1.1e-16   1.1e-16   1         2.2e-16 
   0         0        -1        -1         0         0         0         1         0       
   1        -3.1e-16   1.2e-18  -1.2e-18   1.9e-34   1        -3.1e-16  -1        -1.9e-34 
   0         2.2e-16   1         1         0         0         0         1        -2.2e-16 
  -1        -0         0         0         1        -2.4e-16   0        -2.4e-16  -1       
   0         5.5e-17   1        -1.6e-15  -1         5.5e-17   1        -1.6e-15   0       

XIPOS
   0         0         0       
   2.6e-07  -0.065     0.39    
   0.042    -0.046     0.31    
   0.043    -0.062     0.28    
   0.043    -0.047     0.22    
   0.042    -0.047     0.15    
   0.043    -0.063     0.11    
   0.042    -0.025     0.075   
  -0.042    -0.046     0.31    
  -0.042    -0.062     0.28    
  -0.042    -0.047     0.22    
  -0.042    -0.047     0.15    
  -0.042    -0.063     0.11    
  -0.042    -0.025     0.075   
  -0.082    -0.02      0.45    
  -0.1      -0.023     0.39    
  -0.1      -0.018     0.3     
   0.082    -0.021     0.45    
   0.1      -0.021     0.39    
   0.1      -0.016     0.3     
  -0.0015   -0.029     0.5     
   0.00013  -0.015     0.53    

XIMAT
   1         0         0         0         1         0         0         0         1       
   1.3e-05   1        -1.2e-05  -0.98      1.5e-05   0.2       0.2       9.3e-06   0.98    
   1         0        -0        -0        -0.059    -1         0         1        -0.059   
  -1         0.0093    0.012     0.01     -0.13      0.99      0.011     0.99      0.13    
  -8.4e-05  -1         0.044    -1         7.9e-05  -0.00011   0.00011  -0.044    -1       
  -2.8e-17  -1        -0.00046  -1         2.8e-17   0         0         0.00046  -1       
   1        -0.0015   -0.013    -0.013     0.037    -1         0.002     1         0.037   
   2.8e-17   1         0         0.045     0        -1        -1         0        -0.045   
   1        -1.2e-16   7.3e-18  -9.4e-21  -0.059    -1         1.2e-16   1        -0.059   
  -1         0.0093    0.012     0.01     -0.13      0.99      0.011     0.99      0.13    
  -8.4e-05   1        -0.044    -1        -7.9e-05   0.00011   0.00011   0.044     1       
  -1.7e-16   1         0.00046  -1        -1.1e-16  -3.9e-16  -3.9e-16  -0.00046   1       
  -1         0.0015   -0.013     0.013    -0.037    -1        -0.002    -1         0.037   
   8.3e-17   1        -1.1e-16   0.045    -1.1e-16  -1        -1         1.1e-16  -0.045   
   0.73      0.37      0.57     -0.013     0.85     -0.53     -0.68      0.38      0.63    
  -1         0.069     0.0078    0.068     0.99     -0.14     -0.017    -0.14     -0.99    
  -7.3e-05  -1         0.021    -0.99     -0.0028   -0.13      0.13     -0.021    -0.99    
  -0.73      0.37      0.57      0.013     0.85     -0.53     -0.68     -0.38     -0.63    
   1        -0.07      0.0077    0.068     0.99      0.14     -0.017    -0.14      0.99    
  -0.00073   1        -0.021     0.99     -0.0022   -0.13     -0.13     -0.021    -0.99    
  -0.026     1         0.03      0.094     0.032    -1        -1        -0.023    -0.095   
   0.00074  -0.011     1        -0.99     -0.17     -0.0011    0.17     -0.99     -0.011   

XANCHOR
   0         0         0.4     
   0.042    -0.045     0.32    
   0.042    -0.066     0.29    
   0.061    -0.047     0.29    
   0.061    -0.047     0.19    
   0.061    -0.047     0.095   
   0.042    -0.072     0.095   
  -0.042    -0.045     0.32    
  -0.042    -0.066     0.29    
  -0.061    -0.047     0.29    
  -0.061    -0.047     0.19    
  -0.061    -0.047     0.095   
  -0.042    -0.072     0.095   
  -0.061    -0.02      0.46    
  -0.1      -0.0023    0.42    
  -0.12     -0.016     0.33    
   0.061    -0.02      0.46    
   0.1      -0.00029   0.42    
   0.12     -0.014     0.33    
   0        -0.02      0.49    
  -0.019    -0.017     0.5     

XAXIS
   0         0         1       
   0         0         1       
   3.5e-58   1         2.2e-16 
  -1         0         4.4e-16 
  -1         0         4.4e-16 
   1         0         2.2e-16 
   0        -1         7.8e-16 
  -1.2e-16  -2.2e-16   1       
   9.4e-21   1         4.4e-16 
   1        -5.6e-17   4.4e-16 
   1        -5.6e-17   4.4e-16 
  -1         1.1e-16   5.6e-16 
  -7.9e-17  -1         2.2e-16 
   1         0         0       
   2.4e-22   1         2.2e-16 
  -1        -1.1e-16   6.7e-16 
  -1         0         0       
   1.2e-18   1         2.2e-16 
   1         0         2.2e-16 
   0        -2.4e-16  -1       
   1         5.5e-17   2.2e-16 

GEOM_XPOS
   0         0        -0.1     
  -9.9e-06  -0.049     0.4     
  -9.9e-06  -0.049     0.4     
   0.042    -0.046     0.3     
   0.042    -0.046     0.3     
   0.042    -0.064     0.27    
   0.042    -0.064     0.27    
   0.042    -0.047     0.23    
   0.042    -0.047     0.23    
   0.042    -0.047     0.15    
   0.042    -0.047     0.15    
   0.042    -0.064     0.11    
   0.042    -0.064     0.11    
   0.042    -0.019     0.08    
   0.042    -0.019     0.08    
  -0.042    -0.046     0.3     
  -0.042    -0.046     0.3     
  -0.042    -0.064     0.27    
  -0.042    -0.064     0.27    
  -0.042    -0.047     0.23    
  -0.042    -0.047     0.23    
  -0.042    -0.047     0.15    
  -0.042    -0.047     0.15    
  -0.042    -0.064     0.11    
  -0.042    -0.064     0.11    
  -0.042    -0.019     0.08    
  -0.042    -0.019     0.08    
  -0.087    -0.02      0.45    
  -0.087    -0.02      0.45    
  -0.1      -0.023     0.38    
  -0.1      -0.023     0.38    
  -0.1      -0.019     0.29    
  -0.1      -0.019     0.29    
   0.087    -0.02      0.45    
   0.087    -0.02      0.45    
   0.1      -0.021     0.38    
   0.1      -0.021     0.38    
   0.1      -0.017     0.29    
   0.1      -0.017     0.29    
  -0.00059  -0.031     0.5     
  -0.00059  -0.031     0.5     
  -9.1e-05  -0.014     0.53    
  -9.1e-05  -0.014     0.53    

GEOM_XMAT
   1         0         0         0         1         0         0         0         1       
  -0.00028   1         0.0015   -1        -0.0004    0.08      0.08     -0.0015    1       
  -0.00028   1         0.0015   -1        -0.0004    0.08      0.08     -0.0015    1       
  -1         2.3e-17  -1.9e-16  -1.9e-16  -0.12      0.99      0         0.99      0.12    
  -1         2.3e-17  -1.9e-16  -1.9e-16  -0.12      0.99      0         0.99      0.12    
  -1         0.034    -0.0018   -0.0041   -0.068     1         0.033     1         0.068   
  -1         0.034    -0.0018   -0.0041   -0.068     1         0.033     1         0.068   
   0.00019   1        -0.035    -1         0.00019  -9.4e-17   6.8e-06   0.035     1       
   0.00019   1        -0.035    -1         0.00019  -9.4e-17   6.8e-06   0.035     1       
  -5.6e-17   1         6.7e-05  -1         0        -1.2e-17  -1.2e-17  -6.7e-05   1       
  -5.6e-17   1         6.7e-05  -1         0        -1.2e-17  -1.2e-17  -6.7e-05   1       
  -1        -0.028     0.00094   0.0029   -0.069     1        -0.028     1         0.069   
  -1        -0.028     0.00094   0.0029   -0.069     1        -0.028     1         0.069   
   0         1         0        -0.037     0         1         1         0         0.037   
   0         1         0        -0.037     0         1         1         0         0.037   
  -1        -2.2e-21   1.9e-20   1.9e-20  -0.12      0.99     -2.4e-33   0.99      0.12    
  -1        -2.2e-21   1.9e-20   1.9e-20  -0.12      0.99     -2.4e-33   0.99      0.12    
  -1         0.034    -0.0018   -0.0041   -0.068     1         0.033     1         0.068   
  -1         0.034    -0.0018   -0.0041   -0.068     1         0.033     1         0.068   
   0.00019   1        -0.035    -1         0.00019  -3.6e-16   6.8e-06   0.035     1       
   0.00019   1        -0.035    -1         0.00019  -3.6e-16   6.8e-06   0.035     1       
  -5.6e-17   1         6.7e-05  -1         0        -4e-16    -4e-16    -6.7e-05   1       
  -5.6e-17   1         6.7e-05  -1         0        -4e-16    -4e-16    -6.7e-05   1       
  -1        -0.028     0.00094   0.0029   -0.069     1        -0.028     1         0.069   
  -1        -0.028     0.00094   0.0029   -0.069     1        -0.028     1         0.069   
  -1.1e-16   1         1.1e-16  -0.037    -1.1e-16   1         1         1.1e-16   0.037   
  -1.1e-16   1         1.1e-16  -0.037    -1.1e-16   1         1         1.1e-16   0.037   
  -0.81     -0.051     0.58      0.0062   -1        -0.078     0.59     -0.06      0.81    
  -0.81     -0.051     0.58      0.0062   -1        -0.078     0.59     -0.06      0.81    
   0.16      0.99     -0.0073   -0.98      0.16      0.073     0.073    -0.0045    1       
   0.16      0.99     -0.0073   -0.98      0.16      0.073     0.073    -0.0045    1       
   0.012     1        -0.0096   -1         0.013     0.094     0.094     0.0084    1       
   0.012     1        -0.0096   -1         0.013     0.094     0.094     0.0084    1       
  -0.81     -0.051    -0.58      0.0062   -1         0.078    -0.59      0.06      0.81    
  -0.81     -0.051    -0.58      0.0062   -1         0.078    -0.59      0.06      0.81    
  -0.15      0.99      0.0072   -0.99     -0.15      0.073     0.073     0.0042    1       
  -0.15      0.99      0.0072   -0.99     -0.15      0.073     0.073     0.0042    1       
  -0.014     1         0.0095   -1        -0.015     0.094     0.094    -0.0082    1       
  -0.014     1         0.0095   -1        -0.015     0.094     0.094    -0.0082    1       
   0.015     1        -0.071    -0.11      0.072     0.99      0.99     -0.0071    0.11    
   0.015     1        -0.071    -0.11      0.072     0.99      0.99     -0.0071    0.11    
   0.00014   0.0031   -1        -0.98      0.19      0.00043   0.19      0.98      0.0031  
   0.00014   0.0031   -1        -0.98      0.19      0.00043   0.19      0.98      0.0031  

SUBTREE_COM
   8e-05    -0.052     0.31    
   8e-05    -0.052     0.31    
   0.043    -0.052     0.18    
   0.043    -0.052     0.18    
   0.043    -0.048     0.13    
   0.043    -0.048     0.1     
   0.043    -0.048     0.095   
   0.042    -0.025     0.075   
  -0.042    -0.052     0.18    
  -0.042    -0.052     0.18    
  -0.042    -0.048     0.13    
  -0.042    -0.048     0.1     
  -0.042    -0.048     0.095   
  -0.042    -0.025     0.075   
  -0.098    -0.021     0.36    
  -0.1      -0.021     0.35    
  -0.1      -0.018     0.3     
   0.098    -0.019     0.36    
   0.1      -0.019     0.35    
   0.1      -0.016     0.3     
  -0.00081  -0.023     0.51    
   0.00013  -0.015     0.53    

CDOF
   0         0         0         1         0         0       
   0         0         0         0         1         0       
   0         0         0         0         0         1       
  -1         0         0         0        -0.089     0.052   
   0        -1         0         0.089     0         8e-05   
   0         0         1         0.052     8e-05    -0       
   0         0         1         0.007    -0.042     0       
   3.5e-58   1         2.2e-16   0.021    -9.4e-18   0.042   
  -1         0         4.4e-16   2.1e-18   0.021     0.0048  
  -1         0         4.4e-16   2.1e-18   0.12      0.0048  
   1         0         2.2e-16   1.1e-18  -0.22     -0.0048  
   0        -1         7.8e-16  -0.22     -3.3e-17  -0.042   
  -1.2e-16  -2.2e-16   1         0.007     0.042     1e-17   
   9.4e-21   1         4.4e-16   0.021     1.9e-17  -0.042   
   1        -5.6e-17   4.4e-16   9.5e-19  -0.021    -0.0048  
   1        -5.6e-17   4.4e-16  -4.6e-18  -0.12     -0.0048  
  -1         1.1e-16   5.6e-16   2.7e-17   0.22      0.0048  
  -7.9e-17  -1         2.2e-16  -0.22      2.6e-17   0.042   
   1         0         0         0         0.15     -0.032   
   2.4e-22   1         2.2e-16  -0.11      2.2e-17  -0.1     
  -1        -1.1e-16   6.7e-16   2.6e-17  -0.015     0.036   
  -1         0         0         0        -0.15      0.032   
   1.2e-18   1         2.2e-16  -0.11     -2.2e-17   0.1     
   1         0         2.2e-16   8.5e-18   0.015    -0.038   
   0        -2.4e-16  -1        -0.032    -8e-05     2e-20   
   1         5.5e-17   2.2e-16  -2.7e-18   0.19     -0.035   

CINERT
   0         0         0         0         0         0         0         0         0         0       
   0.012     0.013     0.0029   -1.3e-06   8.1e-06   0.00096  -0.0001   -0.017     0.1       1.3     
   7.1e-06   3.2e-05   3.4e-05  -4.4e-06   3.1e-06   3.6e-07   0.00067   0.0001   -7.3e-05   0.016   
   0.00031   0.00051   0.00039   6.3e-05   0.00022  -5.8e-05   0.0065   -0.0015   -0.0053    0.15    
   0.00092   0.0011    0.00022  -2e-05     0.00039   4.3e-05   0.0042    0.00047  -0.009     0.099   
   0.0012    0.0013    9.8e-05  -8.8e-06   0.0003    3.4e-05   0.0018    0.00021  -0.0071    0.044   
   0.0062    0.0064    0.00039   6.5e-05   0.0013   -0.00031   0.0062   -0.0016   -0.03      0.15    
   0.0051    0.0051    0.00038  -0.0001    0.00088   0.00057   0.0037    0.0024   -0.021     0.088   
   7.1e-06   3.2e-05   3.4e-05   4.4e-06  -3.1e-06   3.6e-07  -0.00067   0.0001   -7.3e-05   0.016   
   0.00031   0.0005    0.00038  -6.4e-05  -0.00022  -5.8e-05  -0.0064   -0.0015   -0.0053    0.15    
   0.00092   0.0011    0.00021   2e-05    -0.00038   4.3e-05  -0.0042    0.00047  -0.009     0.099   
   0.0012    0.0013    9.9e-05   8.8e-06  -0.0003    3.4e-05  -0.0019    0.00021  -0.0071    0.044   
   0.0062    0.0064    0.00038  -6.6e-05  -0.0012   -0.00031  -0.0061   -0.0016   -0.03      0.15    
   0.0051    0.0051    0.00038   0.0001   -0.00088   0.00057  -0.0037    0.0024   -0.021     0.088   
   0.00069   0.00087   0.00027   8.5e-05   0.00037  -0.00015  -0.0026    0.001     0.0045    0.032   
   0.00076   0.0016    0.001     0.00027   0.00072  -0.00022  -0.0093    0.0027    0.0072    0.093   
   0.00022   0.001     0.001     0.00029  -0.00012   2.9e-05  -0.0087    0.0029   -0.0012    0.086   
   0.00068   0.00086   0.00026  -8.2e-05  -0.00037  -0.00014   0.0026    0.001     0.0045    0.032   
   0.00077   0.0016    0.001    -0.00029  -0.00072  -0.00024   0.0093    0.0029    0.0072    0.093   
   0.00023   0.001     0.001    -0.00031   0.00012   3.1e-05   0.0087    0.0031   -0.0012    0.086   
   0.0023    0.0023    5.5e-05   2.3e-06   1.8e-05  -0.00027  -9.6e-05   0.0014    0.012     0.062   
   0.0021    0.0021    9.2e-05  -6.4e-08  -2.6e-07  -0.00035   2.4e-06   0.0016    0.0094    0.043   

ACTUATOR_LENGTH
   0       
   0       
   0       
   0       
   0       
   0       
   0       
   0       
   0       
   0       
   0       
   0       
   0       
   0       
   0       
   0       
   0       
   0       
   0       
   0       

actuator_moment
----------------------------
       x                    |
        x                   |
         x                  |
          x                 |
           x                |
            x               |
             x              |
              x             |
               x            |
                x           |
                 x          |
                  x         |
                   x        |
                    x       |
                     x      |
                      x     |
                       x    |
                        x   |
                         x  |
                          x |
----------------------------

ACTUATOR_MOMENT
     6:  1       
     7:  1       
     8:  1       
     9:  1       
    10:  1       
    11:  1       
    12:  1       
    13:  1       
    14:  1       
    15:  1       
    16:  1       
    17:  1       
    18:  1       
    19:  1       
    20:  1       
    21:  1       
    22:  1       
    23:  1       
    24:  1       
    25:  1       

CRB
   0         0         0         0         0         0         0         0         0         0       
   0.048     0.053     0.011    -3.3e-05   5.8e-05   0.0002    3.5e-18   3.1e-18  -2.8e-17   2.9     
   0.014     0.014     0.0015   -6.8e-06   0.0031    0.00027   0.023     0.00014  -0.072     0.54    
   0.014     0.014     0.0015   -2.4e-06   0.0031    0.00027   0.022     3.9e-05  -0.072     0.53    
   0.013     0.014     0.0011   -6.6e-05   0.0028    0.00033   0.016     0.0015   -0.067     0.38    
   0.013     0.013     0.00086  -4.6e-05   0.0024    0.00028   0.012     0.0011   -0.058     0.28    
   0.011     0.011     0.00077  -3.7e-05   0.0021    0.00025   0.0099    0.00087  -0.05      0.23    
   0.0051    0.0051    0.00038  -0.0001    0.00088   0.00057   0.0037    0.0024   -0.021     0.088   
   0.014     0.014     0.0015    5.3e-06  -0.003     0.00027  -0.023     0.00014  -0.072     0.54    
   0.014     0.014     0.0014    8.8e-07  -0.003     0.00027  -0.022     3.9e-05  -0.072     0.53    
   0.013     0.014     0.0011    6.5e-05  -0.0028    0.00033  -0.016     0.0015   -0.067     0.38    
   0.013     0.013     0.00086   4.5e-05  -0.0024    0.00028  -0.012     0.0011   -0.058     0.28    
   0.011     0.011     0.00076   3.7e-05  -0.0021    0.00025  -0.0098    0.00087  -0.05      0.23    
   0.0051    0.0051    0.00038   0.0001   -0.00088   0.00057  -0.0037    0.0024   -0.021     0.088   
   0.0017    0.0035    0.0023    0.00065   0.00097  -0.00034  -0.021     0.0066    0.01      0.21    
   0.00099   0.0026    0.002     0.00056   0.0006   -0.00019  -0.018     0.0056    0.006     0.18    
   0.00022   0.001     0.001     0.00029  -0.00012   2.9e-05  -0.0087    0.0029   -0.0012    0.086   
   0.0017    0.0035    0.0023   -0.00068  -0.00096  -0.00035   0.021     0.0069    0.01      0.21    
   0.001     0.0026    0.002    -0.0006   -0.0006   -0.00021   0.018     0.0059    0.006     0.18    
   0.00023   0.001     0.001    -0.00031   0.00012   3.1e-05   0.0087    0.0031   -0.0012    0.086   
   0.0044    0.0043    0.00015   2.2e-06   1.8e-05  -0.00062  -9.4e-05   0.003     0.021     0.11    
   0.0021    0.0021    9.2e-05  -6.4e-08  -2.6e-07  -0.00035   2.4e-06   0.0016    0.0094    0.043   

QM
   2.9     
   0         2.9     
   0         0         2.9     
   0        -0.25      0.15      0.078   
   0.25      0         0.00023  -2.1e-05   0.075   
   0.15      0.00023   0        -7.8e-05   0.013     0.018   
   0.0037    0.00016   0        -3.5e-05   0.00056   0.00071   0.0055  
  -0.061     3.5e-20  -0.00016  -7.4e-06  -0.017    -0.0029   -0.00016   0.016   
   1.1e-19  -0.059     0.00024   0.017     1e-05    -0.0025   -1.7e-05   1.6e-08   0.016   
   1.1e-19  -0.024     0.00024   0.0077    1e-05    -0.001    -5e-06     1.8e-08   0.005     0.0076  
   5.4e-20  -6.6e-05  -0.00024  -0.00039  -1e-05    -3.5e-06  -6.9e-07  -1.8e-08  -0.00039  -0.00039   0.0054  
   0.0017   -3.8e-25  -4.9e-10  -1.2e-11   0.00059   4.9e-05  -3e-05    -0.0004    1.1e-11   1.1e-11  -1.1e-11   0.0051  
   0.0037    0.00016   4.8e-19  -3.5e-05   0.00056   0.0007                                                                0.0055  
  -0.061     7.1e-20  -0.00016  -7.4e-06  -0.017    -0.0029                                                               -0.00016   0.016   
   3.4e-18   0.059    -0.00024  -0.017     1e-05    -0.0025                                                                1.7e-05  -1.6e-08   0.016   
   1.4e-18   0.024    -0.00024  -0.0077    1e-05    -0.001                                                                 5e-06    -1.8e-08   0.005     0.0076  
   1.4e-19   6.6e-05   0.00024   0.00039  -1e-05    -2.1e-06                                                               6.9e-07   1.8e-08  -0.00039  -0.00039   0.0054  
   0.0017   -1.4e-19  -4.9e-10  -1.2e-11   0.00059   4.9e-05                                                              -3e-05    -0.0004   -1.1e-11  -1.1e-11   1.1e-11   0.0051  
   0         0.021    -0.00012  -0.0017    1.2e-05  -0.0021                                                                                                                            0.008   
  -0.014    -2.6e-20   0.00012   1.9e-06  -0.0014   -0.00029                                                                                                                           4.2e-07   0.0067  
   4.3e-19  -0.0025    0.00022   0.00037  -2.2e-05   0.00026                                                                                                                          -0.00052   8.6e-08   0.0052  
   0        -0.021    -0.00021   0.0017   -2.1e-05  -0.0021                                                                                                                                                          0.008   
  -0.014     4.3e-20  -0.00012  -1.7e-06  -0.0014   -0.00027                                                                                                                                                         6.6e-07   0.0067  
   5e-20     0.0025   -0.00022  -0.00037  -2.2e-05   0.00026                                                                                                                                                        -0.00052   8.2e-08   0.0052  
  -0.00035   8.6e-05  -2.1e-20   8.9e-06   2.8e-05  -6.9e-05                                                                                                                                                                                       0.0051  
   4.1e-20  -0.0011    9.1e-05  -0.00015  -1.2e-08   1.1e-07                                                                                                                                                                                      -1.1e-07   0.005   

M
     0:  2.9     
     0:  0          1:  2.9     
     0:  0          1:  0          2:  2.9     
     0:  0          1: -0.25       2:  0.15       3:  0.078   
     0:  0.25       1:  0          2:  0.00023    3: -2.1e-05    4:  0.075   
     0:  0.15       1:  0.00023    2:  0          3: -7.8e-05    4:  0.013      5:  0.018   
     0:  0.0037     1:  0.00016    2:  0          3: -3.5e-05    4:  0.00056    5:  0.00071    6:  0.0055  
     0: -0.061      1:  3.5e-20    2: -0.00016    3: -7.4e-06    4: -0.017      5: -0.0029     6: -0.00016    7:  0.016   
     0:  1.1e-19    1: -0.059      2:  0.00024    3:  0.017      4:  1e-05      5: -0.0025     6: -1.7e-05    7:  1.6e-08    8:  0.016   
     0:  1.1e-19    1: -0.024      2:  0.00024    3:  0.0077     4:  1e-05      5: -0.001      6: -5e-06      7:  1.8e-08    8:  0.005      9:  0.0076  
     0:  5.4e-20    1: -6.6e-05    2: -0.00024    3: -0.00039    4: -1e-05      5: -3.5e-06    6: -6.9e-07    7: -1.8e-08    8: -0.00039    9: -0.00039   10:  0.0054  
     0:  0.0017     1: -3.8e-25    2: -4.9e-10    3: -1.2e-11    4:  0.00059    5:  4.9e-05    6: -3e-05      7: -0.0004     8:  1.1e-11    9:  1.1e-11   10: -1.1e-11   11:  0.0051  
     0:  0.0037     1:  0.00016    2:  4.8e-19    3: -3.5e-05    4:  0.00056    5:  0.0007    12:  0.0055  
     0: -0.061      1:  7.1e-20    2: -0.00016    3: -7.4e-06    4: -0.017      5: -0.0029    12: -0.00016   13:  0.016   
     0:  3.4e-18    1:  0.059      2: -0.00024    3: -0.017      4:  1e-05      5: -0.0025    12:  1.7e-05   13: -1.6e-08   14:  0.016   
     0:  1.4e-18    1:  0.024      2: -0.00024    3: -0.0077     4:  1e-05      5: -0.001     12:  5e-06     13: -1.8e-08   14:  0.005     15:  0.0076  
     0:  1.4e-19    1:  6.6e-05    2:  0.00024    3:  0.00039    4: -1e-05      5: -2.1e-06   12:  6.9e-07   13:  1.8e-08   14: -0.00039   15: -0.00039   16:  0.0054  
     0:  0.0017     1: -1.4e-19    2: -4.9e-10    3: -1.2e-11    4:  0.00059    5:  4.9e-05   12: -3e-05     13: -0.0004    14: -1.1e-11   15: -1.1e-11   16:  1.1e-11   17:  0.0051  
     0:  0          1:  0.021      2: -0.00012    3: -0.0017     4:  1.2e-05    5: -0.0021    18:  0.008   
     0: -0.014      1: -2.6e-20    2:  0.00012    3:  1.9e-06    4: -0.0014     5: -0.00029   18:  4.2e-07   19:  0.0067  
     0:  4.3e-19    1: -0.0025     2:  0.00022    3:  0.00037    4: -2.2e-05    5:  0.00026   18: -0.00052   19:  8.6e-08   20:  0.0052  
     0:  0          1: -0.021      2: -0.00021    3:  0.0017     4: -2.1e-05    5: -0.0021    21:  0.008   
     0: -0.014      1:  4.3e-20    2: -0.00012    3: -1.7e-06    4: -0.0014     5: -0.00027   21:  6.6e-07   22:  0.0067  
     0:  5e-20      1:  0.0025     2: -0.00022    3: -0.00037    4: -2.2e-05    5:  0.00026   21: -0.00052   22:  8.2e-08   23:  0.0052  
     0: -0.00035    1:  8.6e-05    2: -2.1e-20    3:  8.9e-06    4:  2.8e-05    5: -6.9e-05   24:  0.0051  
     0:  4.1e-20    1: -0.0011     2:  9.1e-05    3: -0.00015    4: -1.2e-08    5:  1.1e-07   24: -1.1e-07   25:  0.005   

QLD
     0:  1.2     
     0:  0.00036    1:  1.9     
     0: -0.00052    1:  0.19       2:  2.3     
     0:  0.0085     1: -3          2:  3.9        3:  0.038   
     0:  1.8        1: -0.004      2: -0.0017     3: -0.00031    4:  0.034   
     0:  8.2        1:  0.0053     2: -0.0094     3: -0.0027     4:  0.42       5:  0.015   
     0:  0.55       1:  0.017      2: -0.00025    3: -0.0029     4:  0.07       5:  0.12       6:  0.0055  
     0: -3.9        1:  4.1e-06    2: -0.01       3: -0.00048    4: -1.1        5: -0.19       6: -0.01       7:  0.016   
     0: -9.8e-11    1: -3.4        2:  0.0062     3:  0.98       4:  0.00026    5: -0.15       6: -0.0011     7:  3e-07      8:  0.012   
     0: -4.7e-10    1: -3.2        2:  0.03       3:  1          4:  0.0013     5: -0.13       6: -0.00067    7:  2.2e-06    8:  0.66       9:  0.0076  
     0:  7.1e-10    1: -0.012      2: -0.045      3: -0.072      4: -0.0019     5: -0.00065    6: -0.00013    7: -3.3e-06    8: -0.071      9: -0.073     10:  0.0054  
     0:  0.34       1: -7.5e-23    2: -9.7e-08    3: -2.4e-09    4:  0.12       5:  0.0096     6: -0.0059     7: -0.079      8:  2.2e-09    9:  2.2e-09   10: -2.2e-09   11:  0.0051  
     0:  0.55       1:  0.017      2: -0.00025    3: -0.0029     4:  0.07       5:  0.12      12:  0.0055  
     0: -3.9        1:  4.1e-06    2: -0.01       3: -0.00048    4: -1.1        5: -0.19      12: -0.01      13:  0.016   
     0:  9.8e-11    1:  3.4        2: -0.0062     3: -0.98       4:  0.00026    5: -0.14      12:  0.0011    13: -3e-07     14:  0.012   
     0:  4.7e-10    1:  3.2        2: -0.03       3: -1          4:  0.0013     5: -0.13      12:  0.00067   13: -2.2e-06   14:  0.66      15:  0.0076  
     0: -7.1e-10    1:  0.012      2:  0.045      3:  0.072      4: -0.0019     5: -0.00039   12:  0.00013   13:  3.3e-06   14: -0.071     15: -0.073     16:  0.0054  
     0:  0.34       1: -2.7e-17    2: -9.7e-08    3: -2.4e-09    4:  0.12       5:  0.0096    12: -0.0059    13: -0.079     14: -2.2e-09   15: -2.2e-09   16:  2.2e-09   17:  0.0051  
     0:  0.00011    1:  2.6        2: -0.013      3: -0.22       4:  0.0012     5: -0.26      18:  0.008   
     0: -2.1        1:  6.3e-06    2:  0.018      3:  0.00029    4: -0.21       5: -0.044     18:  6.5e-05   19:  0.0067  
     0:  8.3e-17    1: -0.49       2:  0.043      3:  0.072      4: -0.0043     5:  0.049     18: -0.1       19:  1.7e-05   20:  0.0052  
     0:  0.00017    1: -2.6        2: -0.029      3:  0.21       4: -0.0029     5: -0.26      21:  0.008   
     0: -2.1        1: -6e-06      2: -0.018      3: -0.00025    4: -0.21       5: -0.04      21:  0.0001    22:  0.0067  
     0:  9.6e-18    1:  0.49       2: -0.043      3: -0.072      4: -0.0043     5:  0.049     21: -0.1       22:  1.6e-05   23:  0.0052  
     0: -0.07       1:  0.017      2:  3.8e-07    3:  0.0018     4:  0.0056     5: -0.014     24:  0.0051  
     0:  8.2e-18    1: -0.22       2:  0.018      3: -0.03       4: -2.3e-06    5:  2.1e-05   24: -2.1e-05   25:  0.005   

QLDIAGINV
   0.83    
   0.53    
   0.44    
   26      
   30      
   65      
   1.8e+02 
   64      
   80      
   1.3e+02 
   1.9e+02 
   2e+02   
   1.8e+02 
   64      
   80      
   1.3e+02 
   1.9e+02 
   2e+02   
   1.3e+02 
   1.5e+02 
   1.9e+02 
   1.3e+02 
   1.5e+02 
   1.9e+02 
   2e+02   
   2e+02   

B: body-dof matrix
----------------------------
 xxxxxxxxxxxxxxxxxxxxxxxxxx |
 xxxxxxxxxxxxxxxxxxxxxxxxxx |
 xxxxxxxxxxxx               |
 xxxxxxxxxxxx               |
 xxxxxxxxxxxx               |
 xxxxxxxxxxxx               |
 xxxxxxxxxxxx               |
 xxxxxxxxxxxx               |
 xxxxxx      xxxxxx         |
 xxxxxx      xxxxxx         |
 xxxxxx      xxxxxx         |
 xxxxxx      xxxxxx         |
 xxxxxx      xxxxxx         |
 xxxxxx      xxxxxx         |
 xxxxxx            xxx      |
 xxxxxx            xxx      |
 xxxxxx            xxx      |
 xxxxxx               xxx   |
 xxxxxx               xxx   |
 xxxxxx               xxx   |
 xxxxxx                  xx |
 xxxxxx                  xx |
----------------------------

B_rownnz              26 26 12 12 12 12 12 12 12 12 12 12 12 12 9 9 9 9 9 9 8 8

B_rowadr              0 26 52 64 76 88 100 112 124 136 148 160 172 184 196 205 214 223 232 241 250 258

B_colind              0 1 2 3 4 5 6 7 8 9 10 11 12 13 14 15 16 17 18 19 20 21 22 23 24 25 0 1 2 3 4 5 6 7 8 9 10 11 12 13 14 15 16 17 18 19 20 21 22 23 24 25 0 1 2 3 4 5 6 7 8 9 10 11 0 1 2 3 4 5 6 7 8 9 10 11 0 1 2 3 4 5 6 7 8 9 10 11 0 1 2 3 4 5 6 7 8 9 10 11 0 1 2 3 4 5 6 7 8 9 10 11 0 1 2 3 4 5 6 7 8 9 10 11 0 1 2 3 4 5 12 13 14 15 16 17 0 1 2 3 4 5 12 13 14 15 16 17 0 1 2 3 4 5 12 13 14 15 16 17 0 1 2 3 4 5 12 13 14 15 16 17 0 1 2 3 4 5 12 13 14 15 16 17 0 1 2 3 4 5 12 13 14 15 16 17 0 1 2 3 4 5 18 19 20 0 1 2 3 4 5 18 19 20 0 1 2 3 4 5 18 19 20 0 1 2 3 4 5 21 22 23 0 1 2 3 4 5 21 22 23 0 1 2 3 4 5 21 22 23 0 1 2 3 4 5 24 25 0 1 2 3 4 5 24 25

M: reduced inertia matrix
----------------------------
 x                          |
 xx                         |
 xxx                        |
 xxxx                       |
 xxxxx                      |
 xxxxxx                     |
 xxxxxxx                    |
 xxxxxxxx                   |
 xxxxxxxxx                  |
 xxxxxxxxxx                 |
 xxxxxxxxxxx                |
 xxxxxxxxxxxx               |
 xxxxxx      x              |
 xxxxxx      xx             |
 xxxxxx      xxx            |
 xxxxxx      xxxx           |
 xxxxxx      xxxxx          |
 xxxxxx      xxxxxx         |
 xxxxxx            x        |
 xxxxxx            xx       |
 xxxxxx            xxx      |
 xxxxxx               x     |
 xxxxxx               xx    |
 xxxxxx               xxx   |
 xxxxxx                  x  |
 xxxxxx                  xx |
----------------------------

M_rownnz              1 2 3 4 5 6 7 8 9 10 11 12 7 8 9 10 11 12 7 8 9 7 8 9 7 8

M_rowadr              0 1 3 6 10 15 21 28 36 45 55 66 78 85 93 102 112 123 135 142 150 159 166 174 183 190

M_colind              0 0 1 0 1 2 0 1 2 3 0 1 2 3 4 0 1 2 3 4 5 0 1 2 3 4 5 6 0 1 2 3 4 5 6 7 0 1 2 3 4 5 6 7 8 0 1 2 3 4 5 6 7 8 9 0 1 2 3 4 5 6 7 8 9 10 0 1 2 3 4 5 6 7 8 9 10 11 0 1 2 3 4 5 12 0 1 2 3 4 5 12 13 0 1 2 3 4 5 12 13 14 0 1 2 3 4 5 12 13 14 15 0 1 2 3 4 5 12 13 14 15 16 0 1 2 3 4 5 12 13 14 15 16 17 0 1 2 3 4 5 18 0 1 2 3 4 5 18 19 0 1 2 3 4 5 18 19 20 0 1 2 3 4 5 21 0 1 2 3 4 5 21 22 0 1 2 3 4 5 21 22 23 0 1 2 3 4 5 24 0 1 2 3 4 5 24 25

mapM2M                0 2 1 5 4 3 9 8 7 6 14 13 12 11 10 20 19 18 17 16 15 27 26 25 24 23 22 21 35 34 33 32 31 30 29 28 44 43 42 41 40 39 38 37 36 54 53 52 51 50 49 48 47 46 45 65 64 63 62 61 60 59 58 57 56 55 77 76 75 74 73 72 71 70 69 68 67 66 84 83 82 81 80 79 78 92 91 90 89 88 87 86 85 101 100 99 98 97 96 95 94 93 111 110 109 108 107 106 105 104 103 102 122 121 120 119 118 117 116 115 114 113 112 134 133 132 131 130 129 128 127 126 125 124 123 141 140 139 138 137 136 135 149 148 147 146 145 144 143 142 158 157 156 155 154 153 152 151 150 165 164 163 162 161 160 159 173 172 171 170 169 168 167 166 182 181 180 179 178 177 176 175 174 189 188 187 186 185 184 183 197 196 195 194 193 192 191 190

D: dof-dof matrix
----------------------------
 Dxxxxxxxxxxxxxxxxxxxxxxxxx |
 xDxxxxxxxxxxxxxxxxxxxxxxxx |
 xxDxxxxxxxxxxxxxxxxxxxxxxx |
 xxxDxxxxxxxxxxxxxxxxxxxxxx |
 xxxxDxxxxxxxxxxxxxxxxxxxxx |
 xxxxxDxxxxxxxxxxxxxxxxxxxx |
 xxxxxxDxxxxx               |
 xxxxxxxDxxxx               |
 xxxxxxxxDxxx               |
 xxxxxxxxxDxx               |
 xxxxxxxxxxDx               |
 xxxxxxxxxxxD               |
 xxxxxx      Dxxxxx         |
 xxxxxx      xDxxxx         |
 xxxxxx      xxDxxx         |
 xxxxxx      xxxDxx         |
 xxxxxx      xxxxDx         |
 xxxxxx      xxxxxD         |
 xxxxxx            Dxx      |
 xxxxxx            xDx      |
 xxxxxx            xxD      |
 xxxxxx               Dxx   |
 xxxxxx               xDx   |
 xxxxxx               xxD   |
 xxxxxx                  Dx |
 xxxxxx                  xD |
----------------------------

D_rownnz              26 26 26 26 26 26 12 12 12 12 12 12 12 12 12 12 12 12 9 9 9 9 9 9 8 8

D_rowadr              0 26 52 78 104 130 156 168 180 192 204 216 228 240 252 264 276 288 300 309 318 327 336 345 354 362

D_colind              0 1 2 3 4 5 6 7 8 9 10 11 12 13 14 15 16 17 18 19 20 21 22 23 24 25 0 1 2 3 4 5 6 7 8 9 10 11 12 13 14 15 16 17 18 19 20 21 22 23 24 25 0 1 2 3 4 5 6 7 8 9 10 11 12 13 14 15 16 17 18 19 20 21 22 23 24 25 0 1 2 3 4 5 6 7 8 9 10 11 12 13 14 15 16 17 18 19 20 21 22 23 24 25 0 1 2 3 4 5 6 7 8 9 10 11 12 13 14 15 16 17 18 19 20 21 22 23 24 25 0 1 2 3 4 5 6 7 8 9 10 11 12 13 14 15 16 17 18 19 20 21 22 23 24 25 0 1 2 3 4 5 6 7 8 9 10 11 0 1 2 3 4 5 6 7 8 9 10 11 0 1 2 3 4 5 6 7 8 9 10 11 0 1 2 3 4 5 6 7 8 9 10 11 0 1 2 3 4 5 6 7 8 9 10 11 0 1 2 3 4 5 6 7 8 9 10 11 0 1 2 3 4 5 12 13 14 15 16 17 0 1 2 3 4 5 12 13 14 15 16 17 0 1 2 3 4 5 12 13 14 15 16 17 0 1 2 3 4 5 12 13 14 15 16 17 0 1 2 3 4 5 12 13 14 15 16 17 0 1 2 3 4 5 12 13 14 15 16 17 0 1 2 3 4 5 18 19 20 0 1 2 3 4 5 18 19 20 0 1 2 3 4 5 18 19 20 0 1 2 3 4 5 21 22 23 0 1 2 3 4 5 21 22 23 0 1 2 3 4 5 21 22 23 0 1 2 3 4 5 24 25 0 1 2 3 4 5 24 25

mapM2D                0 2 5 9 14 20 27 35 44 54 65 77 84 92 101 111 122 134 141 149 158 165 173 182 189 197 2 1 4 8 13 19 26 34 43 53 64 76 83 91 100 110 121 133 140 148 157 164 172 181 188 196 5 4 3 7 12 18 25 33 42 52 63 75 82 90 99 109 120 132 139 147 156 163 171 180 187 195 9 8 7 6 11 17 24 32 41 51 62 74 81 89 98 108 119 131 138 146 155 162 170 179 186 194 14 13 12 11 10 16 23 31 40 50 61 73 80 88 97 107 118 130 137 145 154 161 169 178 185 193 20 19 18 17 16 15 22 30 39 49 60 72 79 87 96 106 117 129 136 144 153 160 168 177 184 192 27 26 25 24 23 22 21 29 38 48 59 71 35 34 33 32 31 30 29 28 37 47 58 70 44 43 42 41 40 39 38 37 36 46 57 69 54 53 52 51 50 49 48 47 46 45 56 68 65 64 63 62 61 60 59 58 57 56 55 67 77 76 75 74 73 72 71 70 69 68 67 66 84 83 82 81 80 79 78 86 95 105 116 128 92 91 90 89 88 87 86 85 94 104 115 127 101 100 99 98 97 96 95 94 93 103 114 126 111 110 109 108 107 106 105 104 103 102 113 125 122 121 120 119 118 117 116 115 114 113 112 124 134 133 132 131 130 129 128 127 126 125 124 123 141 140 139 138 137 136 135 143 152 149 148 147 146 145 144 143 142 151 158 157 156 155 154 153 152 151 150 165 164 163 162 161 160 159 167 176 173 172 171 170 169 168 167 166 175 182 181 180 179 178 177 176 175 174 189 188 187 186 185 184 183 191 197 196 195 194 193 192 191 190

mapD2M                0 27 26 54 53 52 81 80 79 78 108 107 106 105 104 135 134 133 132 131 130 162 161 160 159 158 157 156 175 174 173 172 171 170 169 168 188 187 186 185 184 183 182 181 180 201 200 199 198 197 196 195 194 193 192 214 213 212 211 210 209 208 207 206 205 204 227 226 225 224 223 222 221 220 219 218 217 216 234 233 232 231 230 229 228 247 246 245 244 243 242 241 240 260 259 258 257 256 255 254 253 252 273 272 271 270 269 268 267 266 265 264 286 285 284 283 282 281 280 279 278 277 276 299 298 297 296 295 294 293 292 291 290 289 288 306 305 304 303 302 301 300 316 315 314 313 312 311 310 309 326 325 324 323 322 321 320 319 318 333 332 331 330 329 328 327 343 342 341 340 339 338 337 336 353 352 351 350 349 348 347 346 345 360 359 358 357 356 355 354 369 368 367 366 365 364 363 362

CONTACT
EFC_TYPE
  1
  1
  1
  1
  1
  1
  1
  1
  1
  1
  1
  1
  1
  1
  1
  1
  1
  1
  1
  1

EFC_ID
  6
  7
  8
  9
  10
  11
  12
  13
  14
  15
  16
  17
  18
  19
  20
  21
  22
  23
  24
  25

EFC_J
   0         0         0         0         0         0         1         0         0         0         0         0         0         0         0         0         0         0         0         0         0         0         0         0         0         0       
   0         0         0         0         0         0         0         1         0         0         0         0         0         0         0         0         0         0         0         0         0         0         0         0         0         0       
   0         0         0         0         0         0         0         0         1         0         0         0         0         0         0         0         0         0         0         0         0         0         0         0         0         0       
   0         0         0         0         0         0         0         0         0         1         0         0         0         0         0         0         0         0         0         0         0         0         0         0         0         0       
   0         0         0         0         0         0         0         0         0         0         1         0         0         0         0         0         0         0         0         0         0         0         0         0         0         0       
   0         0         0         0         0         0         0         0         0         0         0         1         0         0         0         0         0         0         0         0         0         0         0         0         0         0       
   0         0         0         0         0         0         0         0         0         0         0         0         1         0         0         0         0         0         0         0         0         0         0         0         0         0       
   0         0         0         0         0         0         0         0         0         0         0         0         0         1         0         0         0         0         0         0         0         0         0         0         0         0       
   0         0         0         0         0         0         0         0         0         0         0         0         0         0         1         0         0         0         0         0         0         0         0         0         0         0       
   0         0         0         0         0         0         0         0         0         0         0         0         0         0         0         1         0         0         0         0         0         0         0         0         0         0       
   0         0         0         0         0         0         0         0         0         0         0         0         0         0         0         0         1         0         0         0         0         0         0         0         0         0       
   0         0         0         0         0         0         0         0         0         0         0         0         0         0         0         0         0         1         0         0         0         0         0         0         0         0       
   0         0         0         0         0         0         0         0         0         0         0         0         0         0         0         0         0         0         1         0         0         0         0         0         0         0       
   0         0         0         0         0         0         0         0         0         0         0         0         0         0         0         0         0         0         0         1         0         0         0         0         0         0       
   0         0         0         0         0         0         0         0         0         0         0         0         0         0         0         0         0         0         0         0         1         0         0         0         0         0       
   0         0         0         0         0         0         0         0         0         0         0         0         0         0         0         0         0         0         0         0         0         1         0         0         0         0       
   0         0         0         0         0         0         0         0         0         0         0         0         0         0         0         0         0         0         0         0         0         0         1         0         0         0       
   0         0         0         0         0         0         0         0         0         0         0         0         0         0         0         0         0         0         0         0         0         0         0         1         0         0       
   0         0         0         0         0         0         0         0         0         0         0         0         0         0         0         0         0         0         0         0         0         0         0         0         1         0       
   0         0         0         0         0         0         0         0         0         0         0         0         0         0         0         0         0         0         0         0         0         0         0         0         0         1       

EFC_POS
   0       
   0       
   0       
   0       
   0       
   0       
   0       
   0       
   0       
   0       
   0       
   0       
   0       
   0       
   0       
   0       
   0       
   0       
   0       
   0       

EFC_MARGIN
   0       
   0       
   0       
   0       
   0       
   0       
   0       
   0       
   0       
   0       
   0       
   0       
   0       
   0       
   0       
   0       
   0       
   0       
   0       
   0       

EFC_FRICTIONLOSS
   0.1     
   0.1     
   0.1     
   0.1     
   0.1     
   0.1     
   0.1     
   0.1     
   0.1     
   0.1     
   0.1     
   0.1     
   0.1     
   0.1     
   0.1     
   0.1     
   0.1     
   0.1     
   0.1     
   0.1     

EFC_DIAGAPPROX
   1.8e+02 
   98      
   1.1e+02 
   1.7e+02 
   1.9e+02 
   2e+02   
   1.8e+02 
   98      
   1.1e+02 
   1.7e+02 
   1.9e+02 
   2e+02   
   1.4e+02 
   1.5e+02 
   1.9e+02 
   1.4e+02 
   1.5e+02 
   1.9e+02 
   2e+02   
   2e+02   

EFC_KBIP
   0         1.1e+02   0.9       0       
   0         1.1e+02   0.9       0       
   0         1.1e+02   0.9       0       
   0         1.1e+02   0.9       0       
   0         1.1e+02   0.9       0       
   0         1.1e+02   0.9       0       
   0         1.1e+02   0.9       0       
   0         1.1e+02   0.9       0       
   0         1.1e+02   0.9       0       
   0         1.1e+02   0.9       0       
   0         1.1e+02   0.9       0       
   0         1.1e+02   0.9       0       
   0         1.1e+02   0.9       0       
   0         1.1e+02   0.9       0       
   0         1.1e+02   0.9       0       
   0         1.1e+02   0.9       0       
   0         1.1e+02   0.9       0       
   0         1.1e+02   0.9       0       
   0         1.1e+02   0.9       0       
   0         1.1e+02   0.9       0       

EFC_D
   0.05    
   0.092   
   0.079   
   0.053   
   0.048   
   0.045   
   0.05    
   0.092   
   0.079   
   0.053   
   0.048   
   0.045   
   0.066   
   0.059   
   0.046   
   0.066   
   0.059   
   0.046   
   0.046   
   0.045   

EFC_R
   20      
   11      
   13      
   19      
   21      
   22      
   20      
   11      
   13      
   19      
   21      
   22      
   15      
   17      
   22      
   15      
   17      
   22      
   22      
   22      

ACTUATOR_VELOCITY
   0       
   0       
   0       
   0       
   0       
   0       
   0       
   0       
   0       
   0       
   0       
   0       
   0       
   0       
   0       
   0       
   0       
   0       
   0       
   0       

CVEL
   0         0         0         0         0         0       
   0         0         0         0         0         0       
   0         0         0         0         0         0       
   0         0         0         0         0         0       
   0         0         0         0         0         0       
   0         0         0         0         0         0       
   0         0         0         0         0         0       
   0         0         0         0         0         0       
   0         0         0         0         0         0       
   0         0         0         0         0         0       
   0         0         0         0         0         0       
   0         0         0         0         0         0       
   0         0         0         0         0         0       
   0         0         0         0         0         0       
   0         0         0         0         0         0       
   0         0         0         0         0         0       
   0         0         0         0         0         0       
   0         0         0         0         0         0       
   0         0         0         0         0         0       
   0         0         0         0         0         0       
   0         0         0         0         0         0       
   0         0         0         0         0         0       

CDOF_DOT
   0         0         0         0         0         0       
   0         0         0         0         0         0       
   0         0         0         0         0         0       
   0        -0         0         0         0         0       
   0         0        -0         0         0         0       
   0         0         0         0         0         0       
   0         0         0         0         0         0       
   0         0         0         0         0         0       
   0        -0         0         0         0         0       
   0        -0         0         0         0         0       
   0         0         0         0         0         0       
   0         0        -0         0         0         0       
   0        -0         0         0         0         0       
   0         0         0         0         0         0       
   0         0        -0         0         0        -0       
   0         0        -0         0         0         0       
   0        -0         0         0         0         0       
   0        -0         0         0        -0         0       
   0         0         0         0         0         0       
   0         0         0         0         0         0       
   0        -0         0         0         0         0       
   0        -0         0         0         0         0       
   0         0         0         0         0         0       
   0         0         0         0         0         0       
   0         0        -0         0         0         0       
   0         0         0         0         0         0       

QFRC_BIAS
   0       
   0       
   28      
   1.5     
   0.0023  
   0       
   0       
  -0.0015  
   0.0024  
   0.0024  
  -0.0024  
  -4.8e-09 
   4.8e-18 
  -0.0015  
  -0.0024  
  -0.0024  
   0.0024  
  -4.8e-09 
  -0.0012  
   0.0012  
   0.0022  
  -0.002   
  -0.0012  
  -0.0022  
  -2.1e-19 
   0.00089 

QFRC_SPRING
   0       
   0       
   0       
   0       
   0       
   0       
   0       
   0       
   0       
   0       
   0       
   0       
   0       
   0       
   0       
   0       
   0       
   0       
   0       
   0       
   0       
   0       
   0       
   0       
   0       
   0       

QFRC_DAMPER
   0       
   0       
   0       
   0       
   0       
   0       
   0       
   0       
   0       
   0       
   0       
   0       
   0       
   0       
   0       
   0       
   0       
   0       
   0       
   0       
   0       
   0       
   0       
   0       
   0       
   0       

QFRC_GRAVCOMP
   0       
   0       
   0       
   0       
   0       
   0       
   0       
   0       
   0       
   0       
   0       
   0       
   0       
   0       
   0       
   0       
   0       
   0       
   0       
   0       
   0       
   0       
   0       
   0       
   0       
   0       

QFRC_FLUID
   0       
   0       
   0       
   0       
   0       
   0       
   0       
   0       
   0       
   0       
   0       
   0       
   0       
   0       
   0       
   0       
   0       
   0       
   0       
   0       
   0       
   0       
   0       
   0       
   0       
   0       

QFRC_PASSIVE
   0       
   0       
   0       
   0       
   0       
   0       
   0       
   0       
   0       
   0       
   0       
   0       
   0       
   0       
   0       
   0       
   0       
   0       
   0       
   0       
   0       
   0       
   0       
   0       
   0       
   0       

EFC_VEL
   0       
   0       
   0       
   0       
   0       
   0       
   0       
   0       
   0       
   0       
   0       
   0       
   0       
   0       
   0       
   0       
   0       
   0       
   0       
   0       

EFC_AREF
  -0       
  -0       
  -0       
  -0       
  -0       
  -0       
  -0       
  -0       
  -0       
  -0       
  -0       
  -0       
  -0       
  -0       
  -0       
  -0       
  -0       
  -0       
  -0       
  -0       

SUBTREE_LINVEL
   0         0         0       
   0         0         0       
   0         0         0       
   0         0         0       
   0         0         0       
   0         0         0       
   0         0         0       
   0         0         0       
   0         0         0       
   0         0         0       
   0         0         0       
   0         0         0       
   0         0         0       
   0         0         0       
   0         0         0       
   0         0         0       
   0         0         0       
   0         0         0       
   0         0         0       
   0         0         0       
   0         0         0       
   0         0         0       

SUBTREE_ANGMOM
   0         0         0       
   0         0         0       
   0         0         0       
   0         0         0       
   0         0         0       
   0         0         0       
   0         0         0       
   0         0         0       
   0         0         0       
   0         0         0       
   0         0         0       
   0         0         0       
   0         0         0       
   0         0         0       
   0         0         0       
   0         0         0       
   0         0         0       
   0         0         0       
   0         0         0       
   0         0         0       
   0         0         0       
   0         0         0       

ACTUATOR_FORCE
   0       
   0       
   0       
   0       
   0       
   0       
   0       
   0       
   0       
   0       
   0       
   0       
   0       
   0       
   0       
   0       
   0       
   0       
   0       
   0       

QFRC_ACTUATOR
   0       
   0       
   0       
   0       
   0       
   0       
   0       
   0       
   0       
   0       
   0       
   0       
   0       
   0       
   0       
   0       
   0       
   0       
   0       
   0       
   0       
   0       
   0       
   0       
   0       
   0       

QFRC_SMOOTH
   0       
   0       
  -28      
  -1.5     
  -0.0023  
   0       
   0       
   0.0015  
  -0.0024  
  -0.0024  
   0.0024  
   4.8e-09 
  -4.8e-18 
   0.0015  
   0.0024  
   0.0024  
  -0.0024  
   4.8e-09 
   0.0012  
  -0.0012  
  -0.0022  
   0.002   
   0.0012  
   0.0022  
   2.1e-19 
  -0.00089 

QACC_SMOOTH
  -2.1e-16 
   7.6e-20 
  -9.8     
   7.1e-15 
   2.2e-15 
   5.4e-16 
  -1.1e-16 
   6.2e-16 
  -6.8e-15 
  -2.7e-15 
  -5.6e-17 
   9.4e-17 
  -8.7e-17 
   1.6e-15 
   6.9e-15 
   2.7e-15 
   1.1e-16 
  -8.9e-16 
   1.6e-15 
  -9.9e-15 
  -1.1e-15 
  -3.3e-16 
   1.7e-15 
   1.8e-15 
  -3.2e-17 
  -1.4e-16 

EFC_B
  -1.1e-16 
   6.2e-16 
  -6.8e-15 
  -2.7e-15 
  -5.6e-17 
   9.4e-17 
  -8.7e-17 
   1.6e-15 
   6.9e-15 
   2.7e-15 
   1.1e-16 
  -8.9e-16 
   1.6e-15 
  -9.9e-15 
  -1.1e-15 
  -3.3e-16 
   1.7e-15 
   1.8e-15 
  -3.2e-17 
  -1.4e-16 

EFC_FORCE
  -8.6e-19 
   8.6e-18 
  -1.8e-17 
   1.3e-17 
  -4e-18   
   4.7e-19 
  -6.4e-19 
   1.2e-17 
   2.1e-17 
  -1.3e-17 
   3.3e-18 
  -3.6e-18 
   2.3e-17 
  -5.7e-17 
  -6.3e-18 
  -1.2e-17 
   1e-17   
   1e-17   
  -7.1e-20 
  -1.8e-18 

EFC_STATE
  1
  1
  1
  1
  1
  1
  1
  1
  1
  1
  1
  1
  1
  1
  1
  1
  1
  1
  1
  1

QFRC_CONSTRAINT
   0       
   0       
   0       
   0       
   0       
   0       
  -8.6e-19 
   8.6e-18 
  -1.8e-17 
   1.3e-17 
  -4e-18   
   4.7e-19 
  -6.4e-19 
   1.2e-17 
   2.1e-17 
  -1.3e-17 
   3.3e-18 
  -3.6e-18 
   2.3e-17 
  -5.7e-17 
  -6.3e-18 
  -1.2e-17 
   1e-17   
   1e-17   
  -7.1e-20 
  -1.8e-18 

QFRC_INVERSE
   0       
   0       
   0       
   0       
   0       
   0       
   0       
   0       
   0       
   0       
   0       
   0       
   0       
   0       
   0       
   0       
   0       
   0       
   0       
   0       
   0       
   0       
   0       
   0       
   0       
   0       

CACC
   0         0         0         0         0         0       
   0         0         0         0         0         0       
   0         0         0         0         0         0       
   0         0         0         0         0         0       
   0         0         0         0         0         0       
   0         0         0         0         0         0       
   0         0         0         0         0         0       
   0         0         0         0         0         0       
   0         0         0         0         0         0       
   0         0         0         0         0         0       
   0         0         0         0         0         0       
   0         0         0         0         0         0       
   0         0         0         0         0         0       
   0         0         0         0         0         0       
   0         0         0         0         0         0       
   0         0         0         0         0         0       
   0         0         0         0         0         0       
   0         0         0         0         0         0       
   0         0         0         0         0         0       
   0         0         0         0         0         0       
   0         0         0         0         0         0       
   0         0         0         0         0         0       

CFRC_INT
   0         0         0         0         0         0       
   0         0         0         0         0         0       
   0         0         0         0         0         0       
   0         0         0         0         0         0       
   0         0         0         0         0         0       
   0         0         0         0         0         0       
   0         0         0         0         0         0       
   0         0         0         0         0         0       
   0         0         0         0         0         0       
   0         0         0         0         0         0       
   0         0         0         0         0         0       
   0         0         0         0         0         0       
   0         0         0         0         0         0       
   0         0         0         0         0         0       
   0         0         0         0         0         0       
   0         0         0         0         0         0       
   0         0         0         0         0         0       
   0         0         0         0         0         0       
   0         0         0         0         0         0       
   0         0         0         0         0         0       
   0         0         0         0         0         0       
   0         0         0         0         0         0       

CFRC_EXT
   0         0         0         0         0         0       
   0         0         0         0         0         0       
   0         0         0         0         0         0       
   0         0         0         0         0         0       
   0         0         0         0         0         0       
   0         0         0         0         0         0       
   0         0         0         0         0         0       
   0         0         0         0         0         0       
   0         0         0         0         0         0       
   0         0         0         0         0         0       
   0         0         0         0         0         0       
   0         0         0         0         0         0       
   0         0         0         0         0         0       
   0         0         0         0         0         0       
   0         0         0         0         0         0       
   0         0         0         0         0         0       
   0         0         0         0         0         0       
   0         0         0         0         0         0       
   0         0         0         0         0         0       
   0         0         0         0         0         0       
   0         0         0         0         0         0       
   0         0         0         0         0         0       

